v <- c(1,2)

